0 0000 0001 1111  = 31
0 0000 0010 1111  = 47
0 0000 0011 0111  = 55
0 0000 0011 1011  = 59
0 0000 0011 1101  = 61      // RIGHT
0 0000 0100 1111  = 79
0 0000 0101 0111  = 87     // GO REV B
0 0000 0101 1011  = 91
0 0000 0101 1101  = 93      
0 0000 0110 0111  = 103    // STOP A
0 0000 0110 1011  = 107
0 0000 0110 1101  = 109    // STOP C
0 0000 0111 0011  = 115
0 0000 0111 0101  = 117    // GO FWD B  /  LIGHT ON
0 0000 0111 1001  = 121
0 0000 1000 1111  = 143    // STOP B / LIGHT OFF
0 0000 1001 0111  = 151
0 0000 1001 1011  = 155     // WIGGLE
0 0000 1001 1101  = 157
0 0000 1010 0111  = 167
0 0000 1010 1011  = 171    // BEGIN LOOP
0 0000 1010 1101  = 173
0 0000 1011 0011  = 179    // END LOOP
0 0000 1011 0101  = 181
0 0000 1011 1001  = 185     // REVERSE
0 0000 1100 0111  = 199
0 0000 1100 1011  = 203    // NUMBER 2
0 0000 1100 1101  = 205
0 0000 1101 0011  = 211    // GO FWD A
0 0000 1101 0101  = 213
0 0000 1101 1001  = 217    // GO FWD C
0 0000 1110 0011  = 227    // SHUFFLE
0 0000 1110 0101  = 229    // GO REV A
0 0000 1110 1001  = 233
0 0000 1111 0001  = 241    // GO REV C
0 0001 0000 1111  = 271
0 0001 0001 0111  = 279    // STAR
0 0001 0001 1011  = 283
0 0001 0001 1101  = 285    // DIAMOND
0 0001 0010 0111  = 295
0 0001 0010 1011  = 299    // MOON
0 0001 0010 1101  = 301
0 0001 0011 0011  = 307     // GROWL
0 0001 0011 0101  = 309
0 0001 0011 1001  = 313     // CIRCLE
0 0001 0100 0111  = 327
0 0001 0100 1011  = 331     // SPIN
0 0001 0100 1101  = 333
0 0001 0101 0011  = 339     // NUMBER 3
0 0001 0101 0101  = 341
0 0001 0101 1001  = 345
0 0001 0110 0011  = 355     // WHISTLE
0 0001 0110 0101  = 357
0 0001 0110 1001  = 361 
0 0001 0111 0001  = 369     // END
0 0001 1000 0111  = 391
0 0001 1000 1011  = 395
0 0001 1000 1101  = 397     // SONG
0 0001 1001 0011  = 403
0 0001 1001 0101  = 405     // FORWARD
0 0001 1001 1001  = 409
0 0001 1010 0011  = 419     // UNTIL PUSH
0 0001 1010 0101  = 421 
0 0001 1010 1001  = 425     // UNTIL RELEASE
0 0001 1011 0001  = 433
0 0001 1100 0101  = 453     // UNTIL LIGHT
0 0001 1100 1001  = 457
0 0001 1101 0001  = 465     // UNTIL DARK
0 0010 0010 0111  = 551
0 0010 0010 1011  = 555
0 0010 0010 1101  = 557     // SHAKE
0 0010 0011 0011  = 563
0 0010 0011 0101  = 565     // NUMBER 3
0 0010 0011 1001  = 569     // START
0 0010 0100 0111  = 583
0 0010 0100 1011  = 587     // NUMBER 4
0 0010 0100 1101  = 589
0 0010 0101 0011  = 595     // NUMBER 5
0 0010 0101 0101  = 597
0 0010 0101 1001  = 601
0 0010 0110 0011  = 611     // WAIT
0 0010 0110 0101  = 613
0 0010 0110 1001  = 617
0 0010 1000 1011  = 651
0 0010 1000 1101  = 653
0 0010 1001 0011  = 659 
0 0010 1001 0101  = 661     // BEEP
0 0010 1001 1001  = 665
0 0010 1010 0011  = 675
0 0010 1010 0101  = 677
0 0010 1010 1001  = 681
0 0010 1100 1001  = 713
0 0011 0001 1001  = 793     // REPEAT
0 0011 0010 0101  = 805
0 0011 0010 1001  = 809
0 0011 0100 1001  = 841
0 0100 1001 0011  = 1171
0 0100 1001 0101  = 1173
0 0100 1010 0101  = 1189    // LEFT
99 codes.
